FACILITY_LOCATION_PRICE
0 0 21.03736038517465
0 1 67.12888998773828
0 2 33.51696910852543
0 3 92.22604140917159
0 4 85.43601084941136
0 5 40.516272296118636
0 6 42.05247786213785
0 7 48.50495090880413
0 8 15.40418856942427
0 9 54.31086643858306
1 0 91.61222108487954
1 1 48.634140671108895
1 2 27.33103832199406
1 3 48.5233918975306
1 4 28.135730373176337
1 5 30.405285290796733
1 6 32.99120583319167
1 7 18.439211042249546
1 8 62.11054019540463
1 9 1.8100327362182367
2 0 56.59308227272534
2 1 91.96686676916079
2 2 96.16333032064173
2 3 15.263023666633313
2 4 32.847132292802115
2 5 25.470824257344617
2 6 13.073359435532916
2 7 67.0672169629247
2 8 75.8400554132894
2 9 97.15641956770511
3 0 40.409859328327
3 1 99.87120105428552
3 2 21.48882768546737
3 3 90.8445408815846
3 4 3.796023438455065
3 5 94.95011306161706
3 6 49.96195843050819
3 7 92.36808234796771
3 8 17.227929128239705
3 9 15.848890450628017
4 0 88.69356203495947
4 1 65.84178135272128
4 2 35.92748073388171
4 3 5.258582023609771
4 4 81.47916030963438
4 5 37.70153746768546
4 6 14.884324801583116
4 7 42.95344502623733
4 8 84.63035968973983
4 9 92.67887780452168
5 0 74.54240020051192
5 1 44.19867509403452
5 2 17.278874347202656
5 3 77.77072848630539
5 4 74.01259436680418
5 5 15.245523416449958
5 6 49.65862569809475
5 7 17.784230431003113
5 8 31.743781444034703
5 9 85.36272024139512
6 0 60.557931715893986
6 1 69.18082825183907
6 2 13.760227648488632
6 3 3.3100271191877417
6 4 33.122095474235635
6 5 77.71339346024119
6 6 30.37422457244987
6 7 20.241888731603275
6 8 86.79996226697723
6 9 59.74472326802132
7 0 43.708528990393404
7 1 80.73607491223899
7 2 62.466293623114936
7 3 97.155223194152
7 4 90.41395517756682
7 5 8.974350514170704
7 6 87.61514031213741
7 7 21.39213059316122
7 8 66.64333643215161
7 9 8.059120203703218
8 0 49.00758683634182
8 1 63.48222839375954
8 2 5.643740937202968
8 3 87.03214985250438
8 4 91.2706043251971
8 5 63.724434092281356
8 6 2.254685207417817
8 7 92.36837273613311
8 8 41.681990649916465
8 9 67.29822640908544
9 0 3.1508425855980904
9 1 48.54993896324488
9 2 33.73965838664991
9 3 80.1684449558423
9 4 86.84354210595632
9 5 5.782604481049447
9 6 65.10182615203767
9 7 23.43643415730109
9 8 3.2560857476766403
9 9 51.998654157936365